    1  0.00       -0.0244  0.00        0.0000  0.00        0.0000  0.00        0.0000
    2  0.04       -0.0098  0.00        0.0000  0.00        0.0000  0.00        0.0000
    3  0.09        0.0635  0.00        0.0000  0.00        0.0000  0.00        0.0000
    4  0.13       -0.1563  0.00        0.0000  0.00        0.0000  0.00        0.0000
    5  0.17       -0.2734  0.00        0.0000  0.00        0.0000  0.00        0.0000
    6  0.22       -0.4004  0.00        0.0000  0.00        0.0000  0.00        0.0000
    7  0.26       -1.6260  0.00        0.0000  0.00        0.0000  0.00        0.0000
    8  0.31       -2.3877  0.00        0.0000  0.00        0.0000  0.00        0.0000
    9  0.35       -1.1426  0.00        0.0000  0.00        0.0000  0.00        0.0000
   10  0.39        3.3366  0.00        0.0000  0.00        0.0000  0.00        0.0000
   11  0.44        4.3625  0.00        0.0000  0.00        0.0000  0.00        0.0000
   12  0.48        4.9780  0.00        0.0000  0.00        0.0000  0.00        0.0000
   13  0.52        4.0889  0.00        0.0000  0.00        0.0000  0.00        0.0000
   14  0.57        2.7894  0.00        0.0000  0.00        0.0000  0.00        0.0000
   15  0.61        1.4265  0.00        0.0000  0.00        0.0000  0.00        0.0000
   16  0.66        0.3859  0.00        0.0000  0.00        0.0000  0.00        0.0000
   17  0.70       -0.1855  0.00        0.0000  0.00        0.0000  0.00        0.0000
   18  0.74       -0.3809  0.00        0.0000  0.00        0.0000  0.00        0.0000
   19  0.79       -0.2734  0.00        0.0000  0.00        0.0000  0.00        0.0000
   20  0.83        0.1514  0.00        0.0000  0.00        0.0000  0.00        0.0000
   21  0.88        0.7084  0.00        0.0000  0.00        0.0000  0.00        0.0000
   22  0.92        1.2555  0.00        0.0000  0.00        0.0000  0.00        0.0000
   23  0.96        1.7098  0.00        0.0000  0.00        0.0000  0.00        0.0000
   24  1.01        2.1544  0.00        0.0000  0.00        0.0000  0.00        0.0000
   25  1.05        2.7308  0.00        0.0000  0.00        0.0000  0.00        0.0000
   26  1.09        3.5662  0.00        0.0000  0.00        0.0000  0.00        0.0000
   27  1.14        4.4944  0.00        0.0000  0.00        0.0000  0.00        0.0000
   28  1.18        5.3639  0.00        0.0000  0.00        0.0000  0.00        0.0000
   29  1.23        5.9111  0.00        0.0000  0.00        0.0000  0.00        0.0000
   30  1.27        6.0283  0.00        0.0000  0.00        0.0000  0.00        0.0000
   31  1.31        5.6961  0.00        0.0000  0.00        0.0000  0.00        0.0000
   32  1.36        5.1001  0.00        0.0000  0.00        0.0000  0.00        0.0000
   33  1.40        4.4358  0.00        0.0000  0.00        0.0000  0.00        0.0000
   34  1.44        3.9130  0.00        0.0000  0.00        0.0000  0.00        0.0000
   35  1.49        3.5857  0.00        0.0000  0.00        0.0000  0.00        0.0000
   36  1.53        3.5857  0.00        0.0000  0.00        0.0000  0.00        0.0000
   37  1.58        3.9472  0.00        0.0000  0.00        0.0000  0.00        0.0000
   38  1.62        4.7142  0.00        0.0000  0.00        0.0000  0.00        0.0000
   39  1.66        5.7303  0.00        0.0000  0.00        0.0000  0.00        0.0000
   40  1.71        6.8588  0.00        0.0000  0.00        0.0000  0.00        0.0000
   41  1.75        7.9189  0.00        0.0000  0.00        0.0000  0.00        0.0000
   42  1.79        8.7787  0.00        0.0000  0.00        0.0000  0.00        0.0000
   43  1.84        9.3307  0.00        0.0000  0.00        0.0000  0.00        0.0000
   44  1.88        9.5457  0.00        0.0000  0.00        0.0000  0.00        0.0000
   45  1.92        9.5164  0.00        0.0000  0.00        0.0000  0.00        0.0000
   46  1.97        9.3698  0.00        0.0000  0.00        0.0000  0.00        0.0000
   47  2.01        9.1744  0.00        0.0000  0.00        0.0000  0.00        0.0000
   48  2.06        8.9350  0.00        0.0000  0.00        0.0000  0.00        0.0000
   49  2.10        8.6566  0.00        0.0000  0.00        0.0000  0.00        0.0000
   50  2.14        8.3097  0.00        0.0000  0.00        0.0000  0.00        0.0000
   51  2.19        7.9384  0.00        0.0000  0.00        0.0000  0.00        0.0000
   52  2.23        7.5965  0.00        0.0000  0.00        0.0000  0.00        0.0000
   53  2.28        7.3669  0.00        0.0000  0.00        0.0000  0.00        0.0000
   54  2.32        7.2545  0.00        0.0000  0.00        0.0000  0.00        0.0000
   55  2.36        7.1715  0.00        0.0000  0.00        0.0000  0.00        0.0000
   56  2.41        7.0493  0.00        0.0000  0.00        0.0000  0.00        0.0000
   57  2.45        6.8490  0.00        0.0000  0.00        0.0000  0.00        0.0000
   58  2.49        6.5364  0.00        0.0000  0.00        0.0000  0.00        0.0000
   59  2.54        6.0234  0.00        0.0000  0.00        0.0000  0.00        0.0000
   60  2.58        5.3395  0.00        0.0000  0.00        0.0000  0.00        0.0000
   61  2.63        4.4700  0.00        0.0000  0.00        0.0000  0.00        0.0000
   62  2.67        3.4636  0.00        0.0000  0.00        0.0000  0.00        0.0000
   63  2.71        2.3840  0.00        0.0000  0.00        0.0000  0.00        0.0000
   64  2.76        1.2897  0.00        0.0000  0.00        0.0000  0.00        0.0000
   65  2.80        0.1905  0.00        0.0000  0.00        0.0000  0.00        0.0000
   66  2.84       -0.8252  0.00        0.0000  0.00        0.0000  0.00        0.0000
   67  2.89       -1.6650  0.00        0.0000  0.00        0.0000  0.00        0.0000
   68  2.93       -2.3584  0.00        0.0000  0.00        0.0000  0.00        0.0000
   69  2.97       -2.8271  0.00        0.0000  0.00        0.0000  0.00        0.0000
   70  3.02       -2.9883  0.00        0.0000  0.00        0.0000  0.00        0.0000
   71  3.06       -2.8418  0.00        0.0000  0.00        0.0000  0.00        0.0000
   72  3.11       -2.4463  0.00        0.0000  0.00        0.0000  0.00        0.0000
   73  3.15       -1.8604  0.00        0.0000  0.00        0.0000  0.00        0.0000
   74  3.19       -1.2354  0.00        0.0000  0.00        0.0000  0.00        0.0000
   75  3.24       -0.7227  0.00        0.0000  0.00        0.0000  0.00        0.0000
   76  3.28       -0.4541  0.00        0.0000  0.00        0.0000  0.00        0.0000
   77  3.33       -0.4980  0.00        0.0000  0.00        0.0000  0.00        0.0000
   78  3.37       -0.7813  0.00        0.0000  0.00        0.0000  0.00        0.0000
   79  3.41       -1.2988  0.00        0.0000  0.00        0.0000  0.00        0.0000
   80  3.46       -1.9678  0.00        0.0000  0.00        0.0000  0.00        0.0000
   81  3.50       -2.7051  0.00        0.0000  0.00        0.0000  0.00        0.0000
   82  3.54       -3.4863  0.00        0.0000  0.00        0.0000  0.00        0.0000
   83  3.59       -4.1699  0.00        0.0000  0.00        0.0000  0.00        0.0000
   84  3.63       -4.7168  0.00        0.0000  0.00        0.0000  0.00        0.0000
   85  3.67       -5.0684  0.00        0.0000  0.00        0.0000  0.00        0.0000
   86  3.72       -5.1416  0.00        0.0000  0.00        0.0000  0.00        0.0000
   87  3.76       -4.9463  0.00        0.0000  0.00        0.0000  0.00        0.0000
   88  3.81       -4.5264  0.00        0.0000  0.00        0.0000  0.00        0.0000
   89  3.85       -3.9355  0.00        0.0000  0.00        0.0000  0.00        0.0000
   90  3.89       -3.2568  0.00        0.0000  0.00        0.0000  0.00        0.0000
   91  3.94       -2.5684  0.00        0.0000  0.00        0.0000  0.00        0.0000
   92  3.98       -2.0215  0.00        0.0000  0.00        0.0000  0.00        0.0000
   93  4.03       -1.7236  0.00        0.0000  0.00        0.0000  0.00        0.0000
   94  4.07       -1.6797  0.00        0.0000  0.00        0.0000  0.00        0.0000
   95  4.11       -1.8848  0.00        0.0000  0.00        0.0000  0.00        0.0000
   96  4.16       -2.2754  0.00        0.0000  0.00        0.0000  0.00        0.0000
   97  4.20       -2.7441  0.00        0.0000  0.00        0.0000  0.00        0.0000
   98  4.24       -3.2178  0.00        0.0000  0.00        0.0000  0.00        0.0000
   99  4.29       -3.5986  0.00        0.0000  0.00        0.0000  0.00        0.0000
  100  4.33       -3.8232  0.00        0.0000  0.00        0.0000  0.00        0.0000
  101  4.38       -3.8965  0.00        0.0000  0.00        0.0000  0.00        0.0000
  102  4.42       -3.8037  0.00        0.0000  0.00        0.0000  0.00        0.0000
  103  4.46       -3.5449  0.00        0.0000  0.00        0.0000  0.00        0.0000
  104  4.51       -3.1885  0.00        0.0000  0.00        0.0000  0.00        0.0000
  105  4.55       -2.7930  0.00        0.0000  0.00        0.0000  0.00        0.0000
  106  4.59       -2.4170  0.00        0.0000  0.00        0.0000  0.00        0.0000
  107  4.64       -2.0947  0.00        0.0000  0.00        0.0000  0.00        0.0000
  108  4.68       -1.8701  0.00        0.0000  0.00        0.0000  0.00        0.0000
  109  4.72       -1.7871  0.00        0.0000  0.00        0.0000  0.00        0.0000
  110  4.77       -1.8555  0.00        0.0000  0.00        0.0000  0.00        0.0000
  111  4.81       -2.0313  0.00        0.0000  0.00        0.0000  0.00        0.0000
  112  4.86       -2.2607  0.00        0.0000  0.00        0.0000  0.00        0.0000
  113  4.90       -2.5342  0.00        0.0000  0.00        0.0000  0.00        0.0000
  114  4.94       -2.8467  0.00        0.0000  0.00        0.0000  0.00        0.0000
  115  4.99       -3.1787  0.00        0.0000  0.00        0.0000  0.00        0.0000
  116  5.03       -3.5254  0.00        0.0000  0.00        0.0000  0.00        0.0000
  117  5.07       -3.9111  0.00        0.0000  0.00        0.0000  0.00        0.0000
  118  5.12       -4.3164  0.00        0.0000  0.00        0.0000  0.00        0.0000
  119  5.16       -4.7070  0.00        0.0000  0.00        0.0000  0.00        0.0000
  120  5.21       -5.0684  0.00        0.0000  0.00        0.0000  0.00        0.0000
  121  5.25       -5.4150  0.00        0.0000  0.00        0.0000  0.00        0.0000
  122  5.29       -5.7275  0.00        0.0000  0.00        0.0000  0.00        0.0000
  123  5.34       -5.9375  0.00        0.0000  0.00        0.0000  0.00        0.0000
  124  5.38       -6.0596  0.00        0.0000  0.00        0.0000  0.00        0.0000
  125  5.43       -6.0986  0.00        0.0000  0.00        0.0000  0.00        0.0000
  126  5.47       -6.0938  0.00        0.0000  0.00        0.0000  0.00        0.0000
  127  5.51       -6.0742  0.00        0.0000  0.00        0.0000  0.00        0.0000
  128  5.56       -6.0596  0.00        0.0000  0.00        0.0000  0.00        0.0000
  129  5.60       -6.0742  0.00        0.0000  0.00        0.0000  0.00        0.0000
  130  5.64       -6.1035  0.00        0.0000  0.00        0.0000  0.00        0.0000
  131  5.69       -6.1230  0.00        0.0000  0.00        0.0000  0.00        0.0000
  132  5.73       -6.0889  0.00        0.0000  0.00        0.0000  0.00        0.0000
  133  5.78       -5.9424  0.00        0.0000  0.00        0.0000  0.00        0.0000
  134  5.82       -5.6641  0.00        0.0000  0.00        0.0000  0.00        0.0000
  135  5.86       -5.2295  0.00        0.0000  0.00        0.0000  0.00        0.0000
  136  5.91       -4.5996  0.00        0.0000  0.00        0.0000  0.00        0.0000
  137  5.95       -3.7695  0.00        0.0000  0.00        0.0000  0.00        0.0000
  138  5.99       -2.7588  0.00        0.0000  0.00        0.0000  0.00        0.0000
  139  6.04       -1.6357  0.00        0.0000  0.00        0.0000  0.00        0.0000
  140  6.08       -0.3857  0.00        0.0000  0.00        0.0000  0.00        0.0000
  141  6.13        0.8500  0.00        0.0000  0.00        0.0000  0.00        0.0000
  142  6.17        1.9687  0.00        0.0000  0.00        0.0000  0.00        0.0000
  143  6.21        2.8334  0.00        0.0000  0.00        0.0000  0.00        0.0000
  144  6.26        3.4343  0.00        0.0000  0.00        0.0000  0.00        0.0000
  145  6.30        3.7421  0.00        0.0000  0.00        0.0000  0.00        0.0000
  146  6.34        3.7616  0.00        0.0000  0.00        0.0000  0.00        0.0000
  147  6.39        3.4783  0.00        0.0000  0.00        0.0000  0.00        0.0000
  148  6.43        2.9946  0.00        0.0000  0.00        0.0000  0.00        0.0000
  149  6.47        2.3107  0.00        0.0000  0.00        0.0000  0.00        0.0000
  150  6.52        1.5291  0.00        0.0000  0.00        0.0000  0.00        0.0000
  151  6.56        0.6839  0.00        0.0000  0.00        0.0000  0.00        0.0000
  152  6.61       -0.1465  0.00        0.0000  0.00        0.0000  0.00        0.0000
  153  6.65       -0.8936  0.00        0.0000  0.00        0.0000  0.00        0.0000
  154  6.69       -1.5918  0.00        0.0000  0.00        0.0000  0.00        0.0000
  155  6.74       -2.1777  0.00        0.0000  0.00        0.0000  0.00        0.0000
  156  6.78       -2.6807  0.00        0.0000  0.00        0.0000  0.00        0.0000
  157  6.82       -3.0322  0.00        0.0000  0.00        0.0000  0.00        0.0000
  158  6.87       -3.2813  0.00        0.0000  0.00        0.0000  0.00        0.0000
  159  6.91       -3.4180  0.00        0.0000  0.00        0.0000  0.00        0.0000
  160  6.96       -3.4424  0.00        0.0000  0.00        0.0000  0.00        0.0000
  161  7.00       -3.3447  0.00        0.0000  0.00        0.0000  0.00        0.0000
  162  7.04       -3.1494  0.00        0.0000  0.00        0.0000  0.00        0.0000
  163  7.09       -2.8564  0.00        0.0000  0.00        0.0000  0.00        0.0000
  164  7.13       -2.5049  0.00        0.0000  0.00        0.0000  0.00        0.0000
  165  7.18       -2.0898  0.00        0.0000  0.00        0.0000  0.00        0.0000
  166  7.22       -1.6260  0.00        0.0000  0.00        0.0000  0.00        0.0000
  167  7.26       -1.1426  0.00        0.0000  0.00        0.0000  0.00        0.0000
  168  7.31       -0.6250  0.00        0.0000  0.00        0.0000  0.00        0.0000
  169  7.35       -0.1074  0.00        0.0000  0.00        0.0000  0.00        0.0000
  170  7.39        0.3810  0.00        0.0000  0.00        0.0000  0.00        0.0000
  171  7.44        0.8012  0.00        0.0000  0.00        0.0000  0.00        0.0000
  172  7.48        1.1431  0.00        0.0000  0.00        0.0000  0.00        0.0000
  173  7.53        1.4265  0.00        0.0000  0.00        0.0000  0.00        0.0000
  174  7.57        1.6317  0.00        0.0000  0.00        0.0000  0.00        0.0000
  175  7.61        1.7733  0.00        0.0000  0.00        0.0000  0.00        0.0000
  176  7.66        1.8075  0.00        0.0000  0.00        0.0000  0.00        0.0000
  177  7.70        1.7684  0.00        0.0000  0.00        0.0000  0.00        0.0000
  178  7.74        1.6756  0.00        0.0000  0.00        0.0000  0.00        0.0000
  179  7.79        1.5095  0.00        0.0000  0.00        0.0000  0.00        0.0000
  180  7.83        1.2702  0.00        0.0000  0.00        0.0000  0.00        0.0000
  181  7.88        1.0015  0.00        0.0000  0.00        0.0000  0.00        0.0000
  182  7.92        0.7328  0.00        0.0000  0.00        0.0000  0.00        0.0000
  183  7.96        0.4787  0.00        0.0000  0.00        0.0000  0.00        0.0000
  184  8.01        0.2198  0.00        0.0000  0.00        0.0000  0.00        0.0000
  185  8.05        0.0049  0.00        0.0000  0.00        0.0000  0.00        0.0000
  186  8.09       -0.1465  0.00        0.0000  0.00        0.0000  0.00        0.0000
  187  8.14       -0.2734  0.00        0.0000  0.00        0.0000  0.00        0.0000
  188  8.18       -0.3467  0.00        0.0000  0.00        0.0000  0.00        0.0000
  189  8.23       -0.3418  0.00        0.0000  0.00        0.0000  0.00        0.0000
  190  8.27       -0.2930  0.00        0.0000  0.00        0.0000  0.00        0.0000
  191  8.31       -0.2148  0.00        0.0000  0.00        0.0000  0.00        0.0000
  192  8.36       -0.1416  0.00        0.0000  0.00        0.0000  0.00        0.0000
  193  8.40       -0.0732  0.00        0.0000  0.00        0.0000  0.00        0.0000
  194  8.44       -0.0098  0.00        0.0000  0.00        0.0000  0.00        0.0000
  195  8.49        0.0391  0.00        0.0000  0.00        0.0000  0.00        0.0000
  196  8.53        0.0537  0.00        0.0000  0.00        0.0000  0.00        0.0000
  197  8.57        0.0391  0.00        0.0000  0.00        0.0000  0.00        0.0000
  198  8.62       -0.0342  0.00        0.0000  0.00        0.0000  0.00        0.0000
  199  8.66       -0.1563  0.00        0.0000  0.00        0.0000  0.00        0.0000
  200  8.71       -0.2832  0.00        0.0000  0.00        0.0000  0.00        0.0000
  201  8.75       -0.4492  0.00        0.0000  0.00        0.0000  0.00        0.0000
  202  8.79       -0.6152  0.00        0.0000  0.00        0.0000  0.00        0.0000
  203  8.84       -0.7764  0.00        0.0000  0.00        0.0000  0.00        0.0000
  204  8.88       -0.9473  0.00        0.0000  0.00        0.0000  0.00        0.0000
  205  8.93       -1.0889  0.00        0.0000  0.00        0.0000  0.00        0.0000
  206  8.97       -1.2061  0.00        0.0000  0.00        0.0000  0.00        0.0000
  207  9.01       -1.2549  0.00        0.0000  0.00        0.0000  0.00        0.0000
  208  9.06       -1.2891  0.00        0.0000  0.00        0.0000  0.00        0.0000
  209  9.10       -1.3086  0.00        0.0000  0.00        0.0000  0.00        0.0000
  210  9.14       -1.2939  0.00        0.0000  0.00        0.0000  0.00        0.0000
  211  9.19       -1.2305  0.00        0.0000  0.00        0.0000  0.00        0.0000
  212  9.23       -1.1572  0.00        0.0000  0.00        0.0000  0.00        0.0000
  213  9.27       -1.0645  0.00        0.0000  0.00        0.0000  0.00        0.0000
  214  9.32       -0.9570  0.00        0.0000  0.00        0.0000  0.00        0.0000
  215  9.36       -0.8447  0.00        0.0000  0.00        0.0000  0.00        0.0000
  216  9.41       -0.7227  0.00        0.0000  0.00        0.0000  0.00        0.0000
  217  9.45       -0.6201  0.00        0.0000  0.00        0.0000  0.00        0.0000
  218  9.49       -0.5127  0.00        0.0000  0.00        0.0000  0.00        0.0000
  219  9.54       -0.4053  0.00        0.0000  0.00        0.0000  0.00        0.0000
  220  9.58       -0.3320  0.00        0.0000  0.00        0.0000  0.00        0.0000
  221  9.63       -0.2637  0.00        0.0000  0.00        0.0000  0.00        0.0000
  222  9.67       -0.2051  0.00        0.0000  0.00        0.0000  0.00        0.0000
  223  9.71       -0.1367  0.00        0.0000  0.00        0.0000  0.00        0.0000
  224  9.76       -0.0830  0.00        0.0000  0.00        0.0000  0.00        0.0000
  225  9.80       -0.0586  0.00        0.0000  0.00        0.0000  0.00        0.0000
  226  9.84       -0.0537  0.00        0.0000  0.00        0.0000  0.00        0.0000
  227  9.89       -0.0439  0.00        0.0000  0.00        0.0000  0.00        0.0000
  228  9.93       -0.0342  0.00        0.0000  0.00        0.0000  0.00        0.0000
  229  9.98       -0.0293  0.00        0.0000  0.00        0.0000  0.00        0.0000
  230  10.02       -0.0244  0.00        0.0000  0.00        0.0000  0.00        0.0000
  231  10.06       -0.0293  0.00        0.0000  0.00        0.0000  0.00        0.0000
  232  10.11       -0.0293  0.00        0.0000  0.00        0.0000  0.00        0.0000
  233  10.15       -0.0342  0.00        0.0000  0.00        0.0000  0.00        0.0000
  234  10.19       -0.0439  0.00        0.0000  0.00        0.0000  0.00        0.0000
  235  10.24       -0.0439  0.00        0.0000  0.00        0.0000  0.00        0.0000
  236  10.28       -0.0684  0.00        0.0000  0.00        0.0000  0.00        0.0000
  237  10.32       -0.1025  0.00        0.0000  0.00        0.0000  0.00        0.0000
  238  10.37       -0.1416  0.00        0.0000  0.00        0.0000  0.00        0.0000
  239  10.41       -0.1758  0.00        0.0000  0.00        0.0000  0.00        0.0000
  240  10.46       -0.2100  0.00        0.0000  0.00        0.0000  0.00        0.0000
  241  10.50       -0.2490  0.00        0.0000  0.00        0.0000  0.00        0.0000
  242  10.54       -0.3174  0.00        0.0000  0.00        0.0000  0.00        0.0000
  243  10.59       -0.4053  0.00        0.0000  0.00        0.0000  0.00        0.0000
  244  10.63       -0.4834  0.00        0.0000  0.00        0.0000  0.00        0.0000
  245  10.68       -0.5566  0.00        0.0000  0.00        0.0000  0.00        0.0000
  246  10.72       -0.6299  0.00        0.0000  0.00        0.0000  0.00        0.0000
  247  10.76       -0.6982  0.00        0.0000  0.00        0.0000  0.00        0.0000
  248  10.81       -0.7275  0.00        0.0000  0.00        0.0000  0.00        0.0000
  249  10.85       -0.7520  0.00        0.0000  0.00        0.0000  0.00        0.0000
  250  10.89       -0.7715  0.00        0.0000  0.00        0.0000  0.00        0.0000
  251  10.94       -0.7568  0.00        0.0000  0.00        0.0000  0.00        0.0000
  252  10.98       -0.7227  0.00        0.0000  0.00        0.0000  0.00        0.0000
  253  11.02       -0.6836  0.00        0.0000  0.00        0.0000  0.00        0.0000
  254  11.07       -0.6445  0.00        0.0000  0.00        0.0000  0.00        0.0000
  255  11.11       -0.5762  0.00        0.0000  0.00        0.0000  0.00        0.0000
  256  11.16       -0.4834  0.00        0.0000  0.00        0.0000  0.00        0.0000
  257  11.20       -0.4004  0.00        0.0000  0.00        0.0000  0.00        0.0000
  258  11.24       -0.3418  0.00        0.0000  0.00        0.0000  0.00        0.0000
  259  11.29       -0.2930  0.00        0.0000  0.00        0.0000  0.00        0.0000
  260  11.33       -0.2490  0.00        0.0000  0.00        0.0000  0.00        0.0000
  261  11.38       -0.2100  0.00        0.0000  0.00        0.0000  0.00        0.0000
  262  11.42       -0.2100  0.00        0.0000  0.00        0.0000  0.00        0.0000
  263  11.46       -0.2344  0.00        0.0000  0.00        0.0000  0.00        0.0000
  264  11.51       -0.2783  0.00        0.0000  0.00        0.0000  0.00        0.0000
  265  11.55       -0.3320  0.00        0.0000  0.00        0.0000  0.00        0.0000
  266  11.59       -0.3906  0.00        0.0000  0.00        0.0000  0.00        0.0000
  267  11.64       -0.4395  0.00        0.0000  0.00        0.0000  0.00        0.0000
  268  11.68       -0.4834  0.00        0.0000  0.00        0.0000  0.00        0.0000
  269  11.73       -0.5273  0.00        0.0000  0.00        0.0000  0.00        0.0000
  270  11.77       -0.5762  0.00        0.0000  0.00        0.0000  0.00        0.0000
  271  11.81       -0.6201  0.00        0.0000  0.00        0.0000  0.00        0.0000
  272  11.86       -0.6299  0.00        0.0000  0.00        0.0000  0.00        0.0000
  273  11.90       -0.6055  0.00        0.0000  0.00        0.0000  0.00        0.0000
  274  11.94       -0.5811  0.00        0.0000  0.00        0.0000  0.00        0.0000
  275  11.99       -0.5713  0.00        0.0000  0.00        0.0000  0.00        0.0000
  276  12.03       -0.5713  0.00        0.0000  0.00        0.0000  0.00        0.0000
  277  12.07       -0.5566  0.00        0.0000  0.00        0.0000  0.00        0.0000
  278  12.12       -0.5566  0.00        0.0000  0.00        0.0000  0.00        0.0000
  279  12.16       -0.5762  0.00        0.0000  0.00        0.0000  0.00        0.0000
  280  12.21       -0.5957  0.00        0.0000  0.00        0.0000  0.00        0.0000
  281  12.25       -0.6201  0.00        0.0000  0.00        0.0000  0.00        0.0000
  282  12.29       -0.6543  0.00        0.0000  0.00        0.0000  0.00        0.0000
  283  12.34       -0.6836  0.00        0.0000  0.00        0.0000  0.00        0.0000
  284  12.38       -0.6934  0.00        0.0000  0.00        0.0000  0.00        0.0000
  285  12.43       -0.6982  0.00        0.0000  0.00        0.0000  0.00        0.0000
  286  12.47       -0.7227  0.00        0.0000  0.00        0.0000  0.00        0.0000
  287  12.51       -0.7422  0.00        0.0000  0.00        0.0000  0.00        0.0000
  288  12.56       -0.7422  0.00        0.0000  0.00        0.0000  0.00        0.0000
  289  12.60       -0.7227  0.00        0.0000  0.00        0.0000  0.00        0.0000
  290  12.64       -0.6982  0.00        0.0000  0.00        0.0000  0.00        0.0000
  291  12.69       -0.6934  0.00        0.0000  0.00        0.0000  0.00        0.0000
  292  12.73       -0.6836  0.00        0.0000  0.00        0.0000  0.00        0.0000
  293  12.77       -0.6592  0.00        0.0000  0.00        0.0000  0.00        0.0000
  294  12.82       -0.6396  0.00        0.0000  0.00        0.0000  0.00        0.0000
  295  12.86       -0.6250  0.00        0.0000  0.00        0.0000  0.00        0.0000
  296  12.91       -0.6299  0.00        0.0000  0.00        0.0000  0.00        0.0000
  297  12.95       -0.6299  0.00        0.0000  0.00        0.0000  0.00        0.0000
  298  12.99       -0.6152  0.00        0.0000  0.00        0.0000  0.00        0.0000
  299  13.04       -0.6299  0.00        0.0000  0.00        0.0000  0.00        0.0000
  300  13.08       -0.6299  0.00        0.0000  0.00        0.0000  0.00        0.0000
  301  13.13       -0.6299  0.00        0.0000  0.00        0.0000  0.00        0.0000
  302  13.17       -0.6445  0.00        0.0000  0.00        0.0000  0.00        0.0000
  303  13.21       -0.6836  0.00        0.0000  0.00        0.0000  0.00        0.0000
  304  13.26       -0.7080  0.00        0.0000  0.00        0.0000  0.00        0.0000
  305  13.30       -0.7080  0.00        0.0000  0.00        0.0000  0.00        0.0000
  306  13.34       -0.7080  0.00        0.0000  0.00        0.0000  0.00        0.0000
  307  13.39       -0.7129  0.00        0.0000  0.00        0.0000  0.00        0.0000
  308  13.43       -0.7227  0.00        0.0000  0.00        0.0000  0.00        0.0000
  309  13.48       -0.7227  0.00        0.0000  0.00        0.0000  0.00        0.0000
  310  13.52       -0.6982  0.00        0.0000  0.00        0.0000  0.00        0.0000
  311  13.56       -0.6689  0.00        0.0000  0.00        0.0000  0.00        0.0000
  312  13.61       -0.6689  0.00        0.0000  0.00        0.0000  0.00        0.0000
  313  13.65       -0.6689  0.00        0.0000  0.00        0.0000  0.00        0.0000
  314  13.69       -0.6592  0.00        0.0000  0.00        0.0000  0.00        0.0000
  315  13.74       -0.6494  0.00        0.0000  0.00        0.0000  0.00        0.0000
  316  13.78       -0.6396  0.00        0.0000  0.00        0.0000  0.00        0.0000
  317  13.82       -0.6152  0.00        0.0000  0.00        0.0000  0.00        0.0000
  318  13.87       -0.5664  0.00        0.0000  0.00        0.0000  0.00        0.0000
  319  13.91       -0.5371  0.00        0.0000  0.00        0.0000  0.00        0.0000
  320  13.96       -0.5225  0.00        0.0000  0.00        0.0000  0.00        0.0000
  321  14.00       -0.4834  0.00        0.0000  0.00        0.0000  0.00        0.0000
  322  14.04       -0.4346  0.00        0.0000  0.00        0.0000  0.00        0.0000
  323  14.09       -0.3906  0.00        0.0000  0.00        0.0000  0.00        0.0000
  324  14.13       -0.3564  0.00        0.0000  0.00        0.0000  0.00        0.0000
  325  14.18       -0.3320  0.00        0.0000  0.00        0.0000  0.00        0.0000
  326  14.22       -0.3125  0.00        0.0000  0.00        0.0000  0.00        0.0000
  327  14.26       -0.3027  0.00        0.0000  0.00        0.0000  0.00        0.0000
  328  14.31       -0.2930  0.00        0.0000  0.00        0.0000  0.00        0.0000
  329  14.35       -0.3076  0.00        0.0000  0.00        0.0000  0.00        0.0000
  330  14.39       -0.3125  0.00        0.0000  0.00        0.0000  0.00        0.0000
  331  14.44       -0.3076  0.00        0.0000  0.00        0.0000  0.00        0.0000
  332  14.48       -0.3125  0.00        0.0000  0.00        0.0000  0.00        0.0000
  333  14.52       -0.3027  0.00        0.0000  0.00        0.0000  0.00        0.0000
  334  14.57       -0.2832  0.00        0.0000  0.00        0.0000  0.00        0.0000
  335  14.61       -0.2686  0.00        0.0000  0.00        0.0000  0.00        0.0000
  336  14.66       -0.2490  0.00        0.0000  0.00        0.0000  0.00        0.0000
  337  14.70       -0.2246  0.00        0.0000  0.00        0.0000  0.00        0.0000
  338  14.74       -0.1855  0.00        0.0000  0.00        0.0000  0.00        0.0000
  339  14.79       -0.1465  0.00        0.0000  0.00        0.0000  0.00        0.0000
  340  14.83       -0.1416  0.00        0.0000  0.00        0.0000  0.00        0.0000
  341  14.88       -0.1416  0.00        0.0000  0.00        0.0000  0.00        0.0000
  342  14.92       -0.1270  0.00        0.0000  0.00        0.0000  0.00        0.0000
  343  14.96       -0.1172  0.00        0.0000  0.00        0.0000  0.00        0.0000
  344  15.01       -0.1123  0.00        0.0000  0.00        0.0000  0.00        0.0000
  345  15.05       -0.1270  0.00        0.0000  0.00        0.0000  0.00        0.0000
  346  15.09       -0.1318  0.00        0.0000  0.00        0.0000  0.00        0.0000
  347  15.14       -0.1270  0.00        0.0000  0.00        0.0000  0.00        0.0000
  348  15.18       -0.1172  0.00        0.0000  0.00        0.0000  0.00        0.0000
  349  15.23       -0.1074  0.00        0.0000  0.00        0.0000  0.00        0.0000
  350  15.27       -0.0732  0.00        0.0000  0.00        0.0000  0.00        0.0000
  351  15.31       -0.0391  0.00        0.0000  0.00        0.0000  0.00        0.0000
  352  15.36       -0.0293  0.00        0.0000  0.00        0.0000  0.00        0.0000
  353  15.40       -0.0195  0.00        0.0000  0.00        0.0000  0.00        0.0000
  354  15.44        0.0098  0.00        0.0000  0.00        0.0000  0.00        0.0000
  355  15.49        0.0391  0.00        0.0000  0.00        0.0000  0.00        0.0000
  356  15.53        0.0537  0.00        0.0000  0.00        0.0000  0.00        0.0000
  357  15.57        0.0489  0.00        0.0000  0.00        0.0000  0.00        0.0000
  358  15.62        0.0391  0.00        0.0000  0.00        0.0000  0.00        0.0000
  359  15.66        0.0342  0.00        0.0000  0.00        0.0000  0.00        0.0000
  360  15.71        0.0244  0.00        0.0000  0.00        0.0000  0.00        0.0000
  361  15.75       -0.0049  0.00        0.0000  0.00        0.0000  0.00        0.0000
  362  15.79       -0.0391  0.00        0.0000  0.00        0.0000  0.00        0.0000
  363  15.84       -0.0781  0.00        0.0000  0.00        0.0000  0.00        0.0000
  364  15.88       -0.1074  0.00        0.0000  0.00        0.0000  0.00        0.0000
  365  15.93       -0.1416  0.00        0.0000  0.00        0.0000  0.00        0.0000
  366  15.97       -0.1563  0.00        0.0000  0.00        0.0000  0.00        0.0000
  367  16.01       -0.1660  0.00        0.0000  0.00        0.0000  0.00        0.0000
  368  16.06       -0.1758  0.00        0.0000  0.00        0.0000  0.00        0.0000
  369  16.10       -0.1807  0.00        0.0000  0.00        0.0000  0.00        0.0000
  370  16.14       -0.1758  0.00        0.0000  0.00        0.0000  0.00        0.0000
  371  16.19       -0.1318  0.00        0.0000  0.00        0.0000  0.00        0.0000
  372  16.23       -0.1025  0.00        0.0000  0.00        0.0000  0.00        0.0000
  373  16.27       -0.0879  0.00        0.0000  0.00        0.0000  0.00        0.0000
  374  16.32       -0.0732  0.00        0.0000  0.00        0.0000  0.00        0.0000
  375  16.36       -0.0732  0.00        0.0000  0.00        0.0000  0.00        0.0000
  376  16.41       -0.0537  0.00        0.0000  0.00        0.0000  0.00        0.0000
  377  16.45       -0.0488  0.00        0.0000  0.00        0.0000  0.00        0.0000
  378  16.49       -0.0586  0.00        0.0000  0.00        0.0000  0.00        0.0000
  379  16.54       -0.0635  0.00        0.0000  0.00        0.0000  0.00        0.0000
  380  16.58       -0.0635  0.00        0.0000  0.00        0.0000  0.00        0.0000
  381  16.63       -0.0635  0.00        0.0000  0.00        0.0000  0.00        0.0000
  382  16.67       -0.0586  0.00        0.0000  0.00        0.0000  0.00        0.0000
  383  16.71       -0.0439  0.00        0.0000  0.00        0.0000  0.00        0.0000
  384  16.76       -0.0195  0.00        0.0000  0.00        0.0000  0.00        0.0000
  385  16.80       -0.0098  0.00        0.0000  0.00        0.0000  0.00        0.0000
  386  16.84       -0.0049  0.00        0.0000  0.00        0.0000  0.00        0.0000
  387  16.89        0.0244  0.00        0.0000  0.00        0.0000  0.00        0.0000
  388  16.93        0.0537  0.00        0.0000  0.00        0.0000  0.00        0.0000
  389  16.98        0.0684  0.00        0.0000  0.00        0.0000  0.00        0.0000
  390  17.02        0.0782  0.00        0.0000  0.00        0.0000  0.00        0.0000
  391  17.06        0.0830  0.00        0.0000  0.00        0.0000  0.00        0.0000
  392  17.11        0.1026  0.00        0.0000  0.00        0.0000  0.00        0.0000
  393  17.15        0.1075  0.00        0.0000  0.00        0.0000  0.00        0.0000
  394  17.19        0.1075  0.00        0.0000  0.00        0.0000  0.00        0.0000
  395  17.24        0.1075  0.00        0.0000  0.00        0.0000  0.00        0.0000
  396  17.28        0.1221  0.00        0.0000  0.00        0.0000  0.00        0.0000
  397  17.33        0.1270  0.00        0.0000  0.00        0.0000  0.00        0.0000
  398  17.37        0.1319  0.00        0.0000  0.00        0.0000  0.00        0.0000
  399  17.41        0.1661  0.00        0.0000  0.00        0.0000  0.00        0.0000
  400  17.46        0.1808  0.00        0.0000  0.00        0.0000  0.00        0.0000
  401  17.50        0.1808  0.00        0.0000  0.00        0.0000  0.00        0.0000
  402  17.54        0.1759  0.00        0.0000  0.00        0.0000  0.00        0.0000
  403  17.59        0.1808  0.00        0.0000  0.00        0.0000  0.00        0.0000
  404  17.63        0.2003  0.00        0.0000  0.00        0.0000  0.00        0.0000
  405  17.67        0.2296  0.00        0.0000  0.00        0.0000  0.00        0.0000
  406  17.72        0.2443  0.00        0.0000  0.00        0.0000  0.00        0.0000
  407  17.76        0.2589  0.00        0.0000  0.00        0.0000  0.00        0.0000
  408  17.81        0.2833  0.00        0.0000  0.00        0.0000  0.00        0.0000
  409  17.85        0.3273  0.00        0.0000  0.00        0.0000  0.00        0.0000
  410  17.89        0.3615  0.00        0.0000  0.00        0.0000  0.00        0.0000
  411  17.94        0.3908  0.00        0.0000  0.00        0.0000  0.00        0.0000
  412  17.98        0.4250  0.00        0.0000  0.00        0.0000  0.00        0.0000
  413  18.02        0.4641  0.00        0.0000  0.00        0.0000  0.00        0.0000
  414  18.07        0.4836  0.00        0.0000  0.00        0.0000  0.00        0.0000
  415  18.11        0.5081  0.00        0.0000  0.00        0.0000  0.00        0.0000
  416  18.16        0.5423  0.00        0.0000  0.00        0.0000  0.00        0.0000
  417  18.20        0.5716  0.00        0.0000  0.00        0.0000  0.00        0.0000
  418  18.24        0.5618  0.00        0.0000  0.00        0.0000  0.00        0.0000
  419  18.29        0.5716  0.00        0.0000  0.00        0.0000  0.00        0.0000
  420  18.33        0.5765  0.00        0.0000  0.00        0.0000  0.00        0.0000
  421  18.38        0.5765  0.00        0.0000  0.00        0.0000  0.00        0.0000
  422  18.42        0.5765  0.00        0.0000  0.00        0.0000  0.00        0.0000
  423  18.46        0.5716  0.00        0.0000  0.00        0.0000  0.00        0.0000
  424  18.51        0.5716  0.00        0.0000  0.00        0.0000  0.00        0.0000
  425  18.55        0.5667  0.00        0.0000  0.00        0.0000  0.00        0.0000
  426  18.59        0.5325  0.00        0.0000  0.00        0.0000  0.00        0.0000
  427  18.64        0.4690  0.00        0.0000  0.00        0.0000  0.00        0.0000
  428  18.68        0.3908  0.00        0.0000  0.00        0.0000  0.00        0.0000
  429  18.73        0.3517  0.00        0.0000  0.00        0.0000  0.00        0.0000
  430  18.77        0.3322  0.00        0.0000  0.00        0.0000  0.00        0.0000
  431  18.81        0.3127  0.00        0.0000  0.00        0.0000  0.00        0.0000
  432  18.86        0.3029  0.00        0.0000  0.00        0.0000  0.00        0.0000
  433  18.90        0.2833  0.00        0.0000  0.00        0.0000  0.00        0.0000
  434  18.94        0.2394  0.00        0.0000  0.00        0.0000  0.00        0.0000
  435  18.99        0.1954  0.00        0.0000  0.00        0.0000  0.00        0.0000
  436  19.03        0.2052  0.00        0.0000  0.00        0.0000  0.00        0.0000
  437  19.08        0.2345  0.00        0.0000  0.00        0.0000  0.00        0.0000
  438  19.12        0.2491  0.00        0.0000  0.00        0.0000  0.00        0.0000
  439  19.16        0.2345  0.00        0.0000  0.00        0.0000  0.00        0.0000
  440  19.21        0.2247  0.00        0.0000  0.00        0.0000  0.00        0.0000
  441  19.25        0.2149  0.00        0.0000  0.00        0.0000  0.00        0.0000
  442  19.29        0.2149  0.00        0.0000  0.00        0.0000  0.00        0.0000
  443  19.34        0.2101  0.00        0.0000  0.00        0.0000  0.00        0.0000
  444  19.38        0.1954  0.00        0.0000  0.00        0.0000  0.00        0.0000
  445  19.42        0.1856  0.00        0.0000  0.00        0.0000  0.00        0.0000
  446  19.47        0.1710  0.00        0.0000  0.00        0.0000  0.00        0.0000
  447  19.51        0.1466  0.00        0.0000  0.00        0.0000  0.00        0.0000
  448  19.56        0.1417  0.00        0.0000  0.00        0.0000  0.00        0.0000
  449  19.60        0.1514  0.00        0.0000  0.00        0.0000  0.00        0.0000
  450  19.64        0.1466  0.00        0.0000  0.00        0.0000  0.00        0.0000
  451  19.69        0.1221  0.00        0.0000  0.00        0.0000  0.00        0.0000
  452  19.73        0.0977  0.00        0.0000  0.00        0.0000  0.00        0.0000
  453  19.77        0.0928  0.00        0.0000  0.00        0.0000  0.00        0.0000
  454  19.82        0.1026  0.00        0.0000  0.00        0.0000  0.00        0.0000
  455  19.86        0.0928  0.00        0.0000  0.00        0.0000  0.00        0.0000
  456  19.91        0.0928  0.00        0.0000  0.00        0.0000  0.00        0.0000
  457  19.95        0.0977  0.00        0.0000  0.00        0.0000  0.00        0.0000
  458  19.99        0.1026  0.00        0.0000  0.00        0.0000  0.00        0.0000
  459  20.04        0.0928  0.00        0.0000  0.00        0.0000  0.00        0.0000
  460  20.08        0.0733  0.00        0.0000  0.00        0.0000  0.00        0.0000
  461  20.13        0.0489  0.00        0.0000  0.00        0.0000  0.00        0.0000
  462  20.17        0.0342  0.00        0.0000  0.00        0.0000  0.00        0.0000
  463  20.21        0.0098  0.00        0.0000  0.00        0.0000  0.00        0.0000
  464  20.26       -0.0244  0.00        0.0000  0.00        0.0000  0.00        0.0000
  465  20.30       -0.0293  0.00        0.0000  0.00        0.0000  0.00        0.0000
  466  20.34        0.1075  0.00        0.0000  0.00        0.0000  0.00        0.0000
  467  20.39       -0.0195  0.00        0.0000  0.00        0.0000  0.00        0.0000
  468  20.43       -0.2930  0.00        0.0000  0.00        0.0000  0.00        0.0000
  469  20.48       -0.2393  0.00        0.0000  0.00        0.0000  0.00        0.0000
  470  20.52       -0.8105  0.00        0.0000  0.00        0.0000  0.00        0.0000
  471  20.56       -1.9629  0.00        0.0000  0.00        0.0000  0.00        0.0000
  472  20.61       -2.2070  0.00        0.0000  0.00        0.0000  0.00        0.0000
  473  20.65        1.6414  0.00        0.0000  0.00        0.0000  0.00        0.0000
  474  20.69        4.5823  0.00        0.0000  0.00        0.0000  0.00        0.0000
  475  20.74        4.7044  0.00        0.0000  0.00        0.0000  0.00        0.0000
  476  20.78        4.6019  0.00        0.0000  0.00        0.0000  0.00        0.0000
  477  20.83        3.3024  0.00        0.0000  0.00        0.0000  0.00        0.0000
  478  20.87        1.9248  0.00        0.0000  0.00        0.0000  0.00        0.0000
  479  20.91        0.7377  0.00        0.0000  0.00        0.0000  0.00        0.0000
  480  20.96       -0.0244  0.00        0.0000  0.00        0.0000  0.00        0.0000
  481  21.00       -0.3613  0.00        0.0000  0.00        0.0000  0.00        0.0000
  482  21.04       -0.3271  0.00        0.0000  0.00        0.0000  0.00        0.0000
  483  21.09       -0.0195  0.00        0.0000  0.00        0.0000  0.00        0.0000
  484  21.13        0.4690  0.00        0.0000  0.00        0.0000  0.00        0.0000
  485  21.17        1.0308  0.00        0.0000  0.00        0.0000  0.00        0.0000
  486  21.22        1.5437  0.00        0.0000  0.00        0.0000  0.00        0.0000
  487  21.26        1.9980  0.00        0.0000  0.00        0.0000  0.00        0.0000
  488  21.31        2.5159  0.00        0.0000  0.00        0.0000  0.00        0.0000
  489  21.35        3.2096  0.00        0.0000  0.00        0.0000  0.00        0.0000
  490  21.39        4.1133  0.00        0.0000  0.00        0.0000  0.00        0.0000
  491  21.44        5.0318  0.00        0.0000  0.00        0.0000  0.00        0.0000
  492  21.48        5.7450  0.00        0.0000  0.00        0.0000  0.00        0.0000
  493  21.52        6.0283  0.00        0.0000  0.00        0.0000  0.00        0.0000
  494  21.57        5.8574  0.00        0.0000  0.00        0.0000  0.00        0.0000
  495  21.61        5.3542  0.00        0.0000  0.00        0.0000  0.00        0.0000
  496  21.66        4.7044  0.00        0.0000  0.00        0.0000  0.00        0.0000
  497  21.70        4.0938  0.00        0.0000  0.00        0.0000  0.00        0.0000
  498  21.74        3.6932  0.00        0.0000  0.00        0.0000  0.00        0.0000
  499  21.79        3.5662  0.00        0.0000  0.00        0.0000  0.00        0.0000
  500  21.83        3.7714  0.00        0.0000  0.00        0.0000  0.00        0.0000
  501  21.88        4.3723  0.00        0.0000  0.00        0.0000  0.00        0.0000
  502  21.92        5.3102  0.00        0.0000  0.00        0.0000  0.00        0.0000
  503  21.96        6.4289  0.00        0.0000  0.00        0.0000  0.00        0.0000
  504  22.01        7.5525  0.00        0.0000  0.00        0.0000  0.00        0.0000
  505  22.05        8.4758  0.00        0.0000  0.00        0.0000  0.00        0.0000
  506  22.09        9.1207  0.00        0.0000  0.00        0.0000  0.00        0.0000
  507  22.14        9.4822  0.00        0.0000  0.00        0.0000  0.00        0.0000
  508  22.18        9.5408  0.00        0.0000  0.00        0.0000  0.00        0.0000
  509  22.23        9.4333  0.00        0.0000  0.00        0.0000  0.00        0.0000
  510  22.27        9.2526  0.00        0.0000  0.00        0.0000  0.00        0.0000
  511  22.31        9.0181  0.00        0.0000  0.00        0.0000  0.00        0.0000
  512  22.36        8.7592  0.00        0.0000  0.00        0.0000  0.00        0.0000
  513  22.40        8.4319  0.00        0.0000  0.00        0.0000  0.00        0.0000
  514  22.44        8.0703  0.00        0.0000  0.00        0.0000  0.00        0.0000
  515  22.49        7.7284  0.00        0.0000  0.00        0.0000  0.00        0.0000
  516  22.53        7.4548  0.00        0.0000  0.00        0.0000  0.00        0.0000
  517  22.58        7.2741  0.00        0.0000  0.00        0.0000  0.00        0.0000
  518  22.62        7.1715  0.00        0.0000  0.00        0.0000  0.00        0.0000
  519  22.66        7.1128  0.00        0.0000  0.00        0.0000  0.00        0.0000
  520  22.71        6.9761  0.00        0.0000  0.00        0.0000  0.00        0.0000
  521  22.75        6.6927  0.00        0.0000  0.00        0.0000  0.00        0.0000
  522  22.79        6.2384  0.00        0.0000  0.00        0.0000  0.00        0.0000
  523  22.84        5.6277  0.00        0.0000  0.00        0.0000  0.00        0.0000
  524  22.88        4.8266  0.00        0.0000  0.00        0.0000  0.00        0.0000
  525  22.92        3.8544  0.00        0.0000  0.00        0.0000  0.00        0.0000
  526  22.97        2.7992  0.00        0.0000  0.00        0.0000  0.00        0.0000
  527  23.01        1.6707  0.00        0.0000  0.00        0.0000  0.00        0.0000
  528  23.06        0.5765  0.00        0.0000  0.00        0.0000  0.00        0.0000
  529  23.10       -0.4541  0.00        0.0000  0.00        0.0000  0.00        0.0000
  530  23.14       -1.3965  0.00        0.0000  0.00        0.0000  0.00        0.0000
  531  23.19       -2.1094  0.00        0.0000  0.00        0.0000  0.00        0.0000
  532  23.23       -2.6660  0.00        0.0000  0.00        0.0000  0.00        0.0000
  533  23.27       -2.9639  0.00        0.0000  0.00        0.0000  0.00        0.0000
  534  23.32       -2.9443  0.00        0.0000  0.00        0.0000  0.00        0.0000
  535  23.36       -2.6270  0.00        0.0000  0.00        0.0000  0.00        0.0000
  536  23.41       -2.0752  0.00        0.0000  0.00        0.0000  0.00        0.0000
  537  23.45       -1.4502  0.00        0.0000  0.00        0.0000  0.00        0.0000
  538  23.49       -0.8984  0.00        0.0000  0.00        0.0000  0.00        0.0000
  539  23.54       -0.5322  0.00        0.0000  0.00        0.0000  0.00        0.0000
  540  23.58       -0.4492  0.00        0.0000  0.00        0.0000  0.00        0.0000
  541  23.63       -0.6396  0.00        0.0000  0.00        0.0000  0.00        0.0000
  542  23.67       -1.0645  0.00        0.0000  0.00        0.0000  0.00        0.0000
  543  23.71       -1.6797  0.00        0.0000  0.00        0.0000  0.00        0.0000
  544  23.76       -2.4023  0.00        0.0000  0.00        0.0000  0.00        0.0000
  545  23.80       -3.1738  0.00        0.0000  0.00        0.0000  0.00        0.0000
  546  23.84       -3.9258  0.00        0.0000  0.00        0.0000  0.00        0.0000
  547  23.89       -4.5361  0.00        0.0000  0.00        0.0000  0.00        0.0000
  548  23.93       -4.9512  0.00        0.0000  0.00        0.0000  0.00        0.0000
  549  23.98       -5.1416  0.00        0.0000  0.00        0.0000  0.00        0.0000
  550  24.02       -5.0635  0.00        0.0000  0.00        0.0000  0.00        0.0000
  551  24.06       -4.7510  0.00        0.0000  0.00        0.0000  0.00        0.0000
  552  24.11       -4.1748  0.00        0.0000  0.00        0.0000  0.00        0.0000
  553  24.15       -3.4814  0.00        0.0000  0.00        0.0000  0.00        0.0000
  554  24.19       -2.7930  0.00        0.0000  0.00        0.0000  0.00        0.0000
  555  24.24       -2.2119  0.00        0.0000  0.00        0.0000  0.00        0.0000
  556  24.28       -1.8115  0.00        0.0000  0.00        0.0000  0.00        0.0000
  557  24.33       -1.6602  0.00        0.0000  0.00        0.0000  0.00        0.0000
  558  24.37       -1.7676  0.00        0.0000  0.00        0.0000  0.00        0.0000
  559  24.41       -2.1240  0.00        0.0000  0.00        0.0000  0.00        0.0000
  560  24.46       -2.5830  0.00        0.0000  0.00        0.0000  0.00        0.0000
  561  24.50       -3.0566  0.00        0.0000  0.00        0.0000  0.00        0.0000
  562  24.54       -3.4863  0.00        0.0000  0.00        0.0000  0.00        0.0000
  563  24.59       -3.7793  0.00        0.0000  0.00        0.0000  0.00        0.0000
  564  24.63       -3.8965  0.00        0.0000  0.00        0.0000  0.00        0.0000
  565  24.67       -3.8525  0.00        0.0000  0.00        0.0000  0.00        0.0000
  566  24.72       -3.6719  0.00        0.0000  0.00        0.0000  0.00        0.0000
  567  24.76       -3.3691  0.00        0.0000  0.00        0.0000  0.00        0.0000
  568  24.81       -2.9785  0.00        0.0000  0.00        0.0000  0.00        0.0000
  569  24.85       -2.5391  0.00        0.0000  0.00        0.0000  0.00        0.0000
  570  24.89       -2.1777  0.00        0.0000  0.00        0.0000  0.00        0.0000
  571  24.94       -1.9336  0.00        0.0000  0.00        0.0000  0.00        0.0000
  572  24.98       -1.8018  0.00        0.0000  0.00        0.0000  0.00        0.0000
  573  25.02       -1.8115  0.00        0.0000  0.00        0.0000  0.00        0.0000
  574  25.07       -1.9434  0.00        0.0000  0.00        0.0000  0.00        0.0000
  575  25.11       -2.1680  0.00        0.0000  0.00        0.0000  0.00        0.0000
  576  25.16       -2.4414  0.00        0.0000  0.00        0.0000  0.00        0.0000
  577  25.20       -2.7344  0.00        0.0000  0.00        0.0000  0.00        0.0000
  578  25.24       -3.0469  0.00        0.0000  0.00        0.0000  0.00        0.0000
  579  25.29       -3.4033  0.00        0.0000  0.00        0.0000  0.00        0.0000
  580  25.33       -3.7549  0.00        0.0000  0.00        0.0000  0.00        0.0000
  581  25.38       -4.1406  0.00        0.0000  0.00        0.0000  0.00        0.0000
  582  25.42       -4.5459  0.00        0.0000  0.00        0.0000  0.00        0.0000
  583  25.46       -4.9561  0.00        0.0000  0.00        0.0000  0.00        0.0000
  584  25.51       -5.3223  0.00        0.0000  0.00        0.0000  0.00        0.0000
  585  25.55       -5.6250  0.00        0.0000  0.00        0.0000  0.00        0.0000
  586  25.59       -5.8496  0.00        0.0000  0.00        0.0000  0.00        0.0000
  587  25.64       -6.0107  0.00        0.0000  0.00        0.0000  0.00        0.0000
  588  25.68       -6.1035  0.00        0.0000  0.00        0.0000  0.00        0.0000
  589  25.73       -6.1133  0.00        0.0000  0.00        0.0000  0.00        0.0000
  590  25.77       -6.0840  0.00        0.0000  0.00        0.0000  0.00        0.0000
  591  25.81       -6.0547  0.00        0.0000  0.00        0.0000  0.00        0.0000
  592  25.86       -6.0742  0.00        0.0000  0.00        0.0000  0.00        0.0000
  593  25.90       -6.0986  0.00        0.0000  0.00        0.0000  0.00        0.0000
  594  25.94       -6.1279  0.00        0.0000  0.00        0.0000  0.00        0.0000
  595  25.99       -6.1133  0.00        0.0000  0.00        0.0000  0.00        0.0000
  596  26.03       -6.0254  0.00        0.0000  0.00        0.0000  0.00        0.0000
  597  26.08       -5.7910  0.00        0.0000  0.00        0.0000  0.00        0.0000
  598  26.12       -5.3857  0.00        0.0000  0.00        0.0000  0.00        0.0000
  599  26.16       -4.8486  0.00        0.0000  0.00        0.0000  0.00        0.0000
  600  26.21       -4.1504  0.00        0.0000  0.00        0.0000  0.00        0.0000
  601  26.25       -3.1934  0.00        0.0000  0.00        0.0000  0.00        0.0000
  602  26.29       -2.0703  0.00        0.0000  0.00        0.0000  0.00        0.0000
  603  26.34       -0.8398  0.00        0.0000  0.00        0.0000  0.00        0.0000
  604  26.38        0.4201  0.00        0.0000  0.00        0.0000  0.00        0.0000
  605  26.42        1.5730  0.00        0.0000  0.00        0.0000  0.00        0.0000
  606  26.47        2.5403  0.00        0.0000  0.00        0.0000  0.00        0.0000
  607  26.51        3.2584  0.00        0.0000  0.00        0.0000  0.00        0.0000
  608  26.56        3.6737  0.00        0.0000  0.00        0.0000  0.00        0.0000
  609  26.60        3.7860  0.00        0.0000  0.00        0.0000  0.00        0.0000
  610  26.64        3.6248  0.00        0.0000  0.00        0.0000  0.00        0.0000
  611  26.69        3.2193  0.00        0.0000  0.00        0.0000  0.00        0.0000
  612  26.73        2.5892  0.00        0.0000  0.00        0.0000  0.00        0.0000
  613  26.77        1.8319  0.00        0.0000  0.00        0.0000  0.00        0.0000
  614  26.82        1.0405  0.00        0.0000  0.00        0.0000  0.00        0.0000
  615  26.86        0.1856  0.00        0.0000  0.00        0.0000  0.00        0.0000
  616  26.91       -0.6299  0.00        0.0000  0.00        0.0000  0.00        0.0000
  617  26.95       -1.3574  0.00        0.0000  0.00        0.0000  0.00        0.0000
  618  26.99       -1.9775  0.00        0.0000  0.00        0.0000  0.00        0.0000
  619  27.04       -2.4854  0.00        0.0000  0.00        0.0000  0.00        0.0000
  620  27.08       -2.8955  0.00        0.0000  0.00        0.0000  0.00        0.0000
  621  27.13       -3.1982  0.00        0.0000  0.00        0.0000  0.00        0.0000
  622  27.17       -3.3887  0.00        0.0000  0.00        0.0000  0.00        0.0000
  623  27.21       -3.4424  0.00        0.0000  0.00        0.0000  0.00        0.0000
  624  27.26       -3.3887  0.00        0.0000  0.00        0.0000  0.00        0.0000
  625  27.30       -3.2422  0.00        0.0000  0.00        0.0000  0.00        0.0000
  626  27.34       -2.9932  0.00        0.0000  0.00        0.0000  0.00        0.0000
  627  27.39       -2.6514  0.00        0.0000  0.00        0.0000  0.00        0.0000
  628  27.43       -2.2559  0.00        0.0000  0.00        0.0000  0.00        0.0000
  629  27.48       -1.8066  0.00        0.0000  0.00        0.0000  0.00        0.0000
  630  27.52       -1.3086  0.00        0.0000  0.00        0.0000  0.00        0.0000
  631  27.56       -0.7959  0.00        0.0000  0.00        0.0000  0.00        0.0000
  632  27.61       -0.2979  0.00        0.0000  0.00        0.0000  0.00        0.0000
  633  27.65        0.1759  0.00        0.0000  0.00        0.0000  0.00        0.0000
  634  27.69        0.6302  0.00        0.0000  0.00        0.0000  0.00        0.0000
  635  27.74        1.0357  0.00        0.0000  0.00        0.0000  0.00        0.0000
  636  27.78        1.3483  0.00        0.0000  0.00        0.0000  0.00        0.0000
  637  27.83        1.5681  0.00        0.0000  0.00        0.0000  0.00        0.0000
  638  27.87        1.7147  0.00        0.0000  0.00        0.0000  0.00        0.0000
  639  27.91        1.8026  0.00        0.0000  0.00        0.0000  0.00        0.0000
  640  27.96        1.8075  0.00        0.0000  0.00        0.0000  0.00        0.0000
  641  28.00        1.7294  0.00        0.0000  0.00        0.0000  0.00        0.0000
  642  28.04        1.5730  0.00        0.0000  0.00        0.0000  0.00        0.0000
  643  28.09        1.3581  0.00        0.0000  0.00        0.0000  0.00        0.0000
  644  28.13        1.1138  0.00        0.0000  0.00        0.0000  0.00        0.0000
  645  28.17        0.8305  0.00        0.0000  0.00        0.0000  0.00        0.0000
  646  28.22        0.5813  0.00        0.0000  0.00        0.0000  0.00        0.0000
  647  28.26        0.3273  0.00        0.0000  0.00        0.0000  0.00        0.0000
  648  28.31        0.0977  0.00        0.0000  0.00        0.0000  0.00        0.0000
  649  28.35       -0.1074  0.00        0.0000  0.00        0.0000  0.00        0.0000
  650  28.39       -0.2588  0.00        0.0000  0.00        0.0000  0.00        0.0000
  651  28.44       -0.3174  0.00        0.0000  0.00        0.0000  0.00        0.0000
  652  28.48       -0.3271  0.00        0.0000  0.00        0.0000  0.00        0.0000
  653  28.52       -0.3076  0.00        0.0000  0.00        0.0000  0.00        0.0000
  654  28.57       -0.2588  0.00        0.0000  0.00        0.0000  0.00        0.0000
  655  28.61       -0.1758  0.00        0.0000  0.00        0.0000  0.00        0.0000
  656  28.66       -0.0879  0.00        0.0000  0.00        0.0000  0.00        0.0000
  657  28.70       -0.0195  0.00        0.0000  0.00        0.0000  0.00        0.0000
  658  28.74        0.0244  0.00        0.0000  0.00        0.0000  0.00        0.0000
  659  28.79        0.0489  0.00        0.0000  0.00        0.0000  0.00        0.0000
  660  28.83        0.0440  0.00        0.0000  0.00        0.0000  0.00        0.0000
  661  28.88       -0.0098  0.00        0.0000  0.00        0.0000  0.00        0.0000
  662  28.92       -0.1123  0.00        0.0000  0.00        0.0000  0.00        0.0000
  663  28.96       -0.2295  0.00        0.0000  0.00        0.0000  0.00        0.0000
  664  29.01       -0.3809  0.00        0.0000  0.00        0.0000  0.00        0.0000
  665  29.05       -0.5615  0.00        0.0000  0.00        0.0000  0.00        0.0000
  666  29.09       -0.7422  0.00        0.0000  0.00        0.0000  0.00        0.0000
  667  29.14       -0.8936  0.00        0.0000  0.00        0.0000  0.00        0.0000
  668  29.18       -1.0254  0.00        0.0000  0.00        0.0000  0.00        0.0000
  669  29.23       -1.1426  0.00        0.0000  0.00        0.0000  0.00        0.0000
  670  29.27       -1.2354  0.00        0.0000  0.00        0.0000  0.00        0.0000
  671  29.31       -1.2939  0.00        0.0000  0.00        0.0000  0.00        0.0000
  672  29.36       -1.3037  0.00        0.0000  0.00        0.0000  0.00        0.0000
  673  29.40       -1.2939  0.00        0.0000  0.00        0.0000  0.00        0.0000
  674  29.44       -1.2598  0.00        0.0000  0.00        0.0000  0.00        0.0000
  675  29.49       -1.1865  0.00        0.0000  0.00        0.0000  0.00        0.0000
  676  29.53       -1.0889  0.00        0.0000  0.00        0.0000  0.00        0.0000
  677  29.58       -0.9814  0.00        0.0000  0.00        0.0000  0.00        0.0000
  678  29.62       -0.8887  0.00        0.0000  0.00        0.0000  0.00        0.0000
  679  29.66       -0.7617  0.00        0.0000  0.00        0.0000  0.00        0.0000
  680  29.71       -0.6348  0.00        0.0000  0.00        0.0000  0.00        0.0000
  681  29.75       -0.5322  0.00        0.0000  0.00        0.0000  0.00        0.0000
  682  29.79       -0.4541  0.00        0.0000  0.00        0.0000  0.00        0.0000
  683  29.84       -0.3760  0.00        0.0000  0.00        0.0000  0.00        0.0000
  684  29.88       -0.2881  0.00        0.0000  0.00        0.0000  0.00        0.0000
  685  29.92       -0.2051  0.00        0.0000  0.00        0.0000  0.00        0.0000
  686  29.97       -0.1465  0.00        0.0000  0.00        0.0000  0.00        0.0000
  687  30.01       -0.0977  0.00        0.0000  0.00        0.0000  0.00        0.0000
  688  30.06       -0.0732  0.00        0.0000  0.00        0.0000  0.00        0.0000
  689  30.10       -0.0488  0.00        0.0000  0.00        0.0000  0.00        0.0000
  690  30.14       -0.0391  0.00        0.0000  0.00        0.0000  0.00        0.0000
  691  30.19       -0.0391  0.00        0.0000  0.00        0.0000  0.00        0.0000
  692  30.23       -0.0342  0.00        0.0000  0.00        0.0000  0.00        0.0000
  693  30.27       -0.0293  0.00        0.0000  0.00        0.0000  0.00        0.0000
  694  30.32       -0.0195  0.00        0.0000  0.00        0.0000  0.00        0.0000
  695  30.36       -0.0146  0.00        0.0000  0.00        0.0000  0.00        0.0000
  696  30.41       -0.0049  0.00        0.0000  0.00        0.0000  0.00        0.0000
  697  30.45       -0.0049  0.00        0.0000  0.00        0.0000  0.00        0.0000
  698  30.49       -0.0293  0.00        0.0000  0.00        0.0000  0.00        0.0000
  699  30.54       -0.0732  0.00        0.0000  0.00        0.0000  0.00        0.0000
  700  30.58       -0.0928  0.00        0.0000  0.00        0.0000  0.00        0.0000
  701  30.63       -0.0977  0.00        0.0000  0.00        0.0000  0.00        0.0000
  702  30.67       -0.1318  0.00        0.0000  0.00        0.0000  0.00        0.0000
  703  30.71       -0.1904  0.00        0.0000  0.00        0.0000  0.00        0.0000
  704  30.76       -0.2344  0.00        0.0000  0.00        0.0000  0.00        0.0000
  705  30.80       -0.2881  0.00        0.0000  0.00        0.0000  0.00        0.0000
  706  30.84       -0.3564  0.00        0.0000  0.00        0.0000  0.00        0.0000
  707  30.89       -0.4395  0.00        0.0000  0.00        0.0000  0.00        0.0000
  708  30.93       -0.5322  0.00        0.0000  0.00        0.0000  0.00        0.0000
  709  30.98       -0.5957  0.00        0.0000  0.00        0.0000  0.00        0.0000
  710  31.02       -0.6592  0.00        0.0000  0.00        0.0000  0.00        0.0000
  711  31.06       -0.7080  0.00        0.0000  0.00        0.0000  0.00        0.0000
  712  31.11       -0.7275  0.00        0.0000  0.00        0.0000  0.00        0.0000
  713  31.15       -0.7373  0.00        0.0000  0.00        0.0000  0.00        0.0000
  714  31.19       -0.7422  0.00        0.0000  0.00        0.0000  0.00        0.0000
  715  31.24       -0.7422  0.00        0.0000  0.00        0.0000  0.00        0.0000
  716  31.28       -0.7178  0.00        0.0000  0.00        0.0000  0.00        0.0000
  717  31.33       -0.6543  0.00        0.0000  0.00        0.0000  0.00        0.0000
  718  31.37       -0.5713  0.00        0.0000  0.00        0.0000  0.00        0.0000
  719  31.41       -0.5029  0.00        0.0000  0.00        0.0000  0.00        0.0000
  720  31.46       -0.4443  0.00        0.0000  0.00        0.0000  0.00        0.0000
  721  31.50       -0.3711  0.00        0.0000  0.00        0.0000  0.00        0.0000
  722  31.54       -0.3027  0.00        0.0000  0.00        0.0000  0.00        0.0000
  723  31.59       -0.2539  0.00        0.0000  0.00        0.0000  0.00        0.0000
  724  31.63       -0.2246  0.00        0.0000  0.00        0.0000  0.00        0.0000
  725  31.67       -0.2100  0.00        0.0000  0.00        0.0000  0.00        0.0000
  726  31.72       -0.2246  0.00        0.0000  0.00        0.0000  0.00        0.0000
  727  31.76       -0.2686  0.00        0.0000  0.00        0.0000  0.00        0.0000
  728  31.81       -0.3174  0.00        0.0000  0.00        0.0000  0.00        0.0000
  729  31.85       -0.3516  0.00        0.0000  0.00        0.0000  0.00        0.0000
  730  31.89       -0.4102  0.00        0.0000  0.00        0.0000  0.00        0.0000
  731  31.94       -0.4834  0.00        0.0000  0.00        0.0000  0.00        0.0000
  732  31.98       -0.5371  0.00        0.0000  0.00        0.0000  0.00        0.0000
  733  32.03       -0.5664  0.00        0.0000  0.00        0.0000  0.00        0.0000
  734  32.07       -0.5762  0.00        0.0000  0.00        0.0000  0.00        0.0000
  735  32.11       -0.5957  0.00        0.0000  0.00        0.0000  0.00        0.0000
  736  32.16       -0.6055  0.00        0.0000  0.00        0.0000  0.00        0.0000
  737  32.20       -0.6006  0.00        0.0000  0.00        0.0000  0.00        0.0000
  738  32.24       -0.5762  0.00        0.0000  0.00        0.0000  0.00        0.0000
  739  32.29       -0.5518  0.00        0.0000  0.00        0.0000  0.00        0.0000
  740  32.33       -0.5469  0.00        0.0000  0.00        0.0000  0.00        0.0000
  741  32.38       -0.5615  0.00        0.0000  0.00        0.0000  0.00        0.0000
  742  32.42       -0.5518  0.00        0.0000  0.00        0.0000  0.00        0.0000
  743  32.46       -0.5762  0.00        0.0000  0.00        0.0000  0.00        0.0000
  744  32.51       -0.6055  0.00        0.0000  0.00        0.0000  0.00        0.0000
  745  32.55       -0.6250  0.00        0.0000  0.00        0.0000  0.00        0.0000
  746  32.59       -0.6445  0.00        0.0000  0.00        0.0000  0.00        0.0000
  747  32.64       -0.6787  0.00        0.0000  0.00        0.0000  0.00        0.0000
  748  32.68       -0.7129  0.00        0.0000  0.00        0.0000  0.00        0.0000
  749  32.72       -0.7275  0.00        0.0000  0.00        0.0000  0.00        0.0000
  750  32.77       -0.7129  0.00        0.0000  0.00        0.0000  0.00        0.0000
  751  32.81       -0.7129  0.00        0.0000  0.00        0.0000  0.00        0.0000
  752  32.86       -0.7178  0.00        0.0000  0.00        0.0000  0.00        0.0000
  753  32.90       -0.7129  0.00        0.0000  0.00        0.0000  0.00        0.0000
  754  32.94       -0.7031  0.00        0.0000  0.00        0.0000  0.00        0.0000
  755  32.99       -0.6787  0.00        0.0000  0.00        0.0000  0.00        0.0000
  756  33.03       -0.6641  0.00        0.0000  0.00        0.0000  0.00        0.0000
  757  33.08       -0.6494  0.00        0.0000  0.00        0.0000  0.00        0.0000
  758  33.12       -0.6299  0.00        0.0000  0.00        0.0000  0.00        0.0000
  759  33.16       -0.6250  0.00        0.0000  0.00        0.0000  0.00        0.0000
  760  33.21       -0.6250  0.00        0.0000  0.00        0.0000  0.00        0.0000
  761  33.25       -0.6152  0.00        0.0000  0.00        0.0000  0.00        0.0000
  762  33.29       -0.6006  0.00        0.0000  0.00        0.0000  0.00        0.0000
  763  33.34       -0.6055  0.00        0.0000  0.00        0.0000  0.00        0.0000
  764  33.38       -0.6299  0.00        0.0000  0.00        0.0000  0.00        0.0000
  765  33.42       -0.6592  0.00        0.0000  0.00        0.0000  0.00        0.0000
  766  33.47       -0.6543  0.00        0.0000  0.00        0.0000  0.00        0.0000
  767  33.51       -0.6641  0.00        0.0000  0.00        0.0000  0.00        0.0000
  768  33.56       -0.6885  0.00        0.0000  0.00        0.0000  0.00        0.0000
  769  33.60       -0.6982  0.00        0.0000  0.00        0.0000  0.00        0.0000
  770  33.64       -0.7031  0.00        0.0000  0.00        0.0000  0.00        0.0000
  771  33.69       -0.7031  0.00        0.0000  0.00        0.0000  0.00        0.0000
  772  33.73       -0.7031  0.00        0.0000  0.00        0.0000  0.00        0.0000
  773  33.78       -0.6934  0.00        0.0000  0.00        0.0000  0.00        0.0000
  774  33.82       -0.6836  0.00        0.0000  0.00        0.0000  0.00        0.0000
  775  33.86       -0.6641  0.00        0.0000  0.00        0.0000  0.00        0.0000
  776  33.91       -0.6543  0.00        0.0000  0.00        0.0000  0.00        0.0000
  777  33.95       -0.6543  0.00        0.0000  0.00        0.0000  0.00        0.0000
  778  33.99       -0.6396  0.00        0.0000  0.00        0.0000  0.00        0.0000
  779  34.04       -0.6152  0.00        0.0000  0.00        0.0000  0.00        0.0000
  780  34.08       -0.6104  0.00        0.0000  0.00        0.0000  0.00        0.0000
  781  34.13       -0.5957  0.00        0.0000  0.00        0.0000  0.00        0.0000
  782  34.17       -0.5566  0.00        0.0000  0.00        0.0000  0.00        0.0000
  783  34.21       -0.5078  0.00        0.0000  0.00        0.0000  0.00        0.0000
  784  34.26       -0.4736  0.00        0.0000  0.00        0.0000  0.00        0.0000
  785  34.30       -0.4492  0.00        0.0000  0.00        0.0000  0.00        0.0000
  786  34.34       -0.4199  0.00        0.0000  0.00        0.0000  0.00        0.0000
  787  34.39       -0.3711  0.00        0.0000  0.00        0.0000  0.00        0.0000
  788  34.43       -0.3320  0.00        0.0000  0.00        0.0000  0.00        0.0000
  789  34.47       -0.3125  0.00        0.0000  0.00        0.0000  0.00        0.0000
  790  34.52       -0.3076  0.00        0.0000  0.00        0.0000  0.00        0.0000
  791  34.56       -0.3027  0.00        0.0000  0.00        0.0000  0.00        0.0000
  792  34.61       -0.3027  0.00        0.0000  0.00        0.0000  0.00        0.0000
  793  34.65       -0.3125  0.00        0.0000  0.00        0.0000  0.00        0.0000
  794  34.69       -0.3174  0.00        0.0000  0.00        0.0000  0.00        0.0000
  795  34.74       -0.2979  0.00        0.0000  0.00        0.0000  0.00        0.0000
  796  34.78       -0.2979  0.00        0.0000  0.00        0.0000  0.00        0.0000
  797  34.83       -0.3125  0.00        0.0000  0.00        0.0000  0.00        0.0000
  798  34.87       -0.2881  0.00        0.0000  0.00        0.0000  0.00        0.0000
  799  34.91       -0.2441  0.00        0.0000  0.00        0.0000  0.00        0.0000
  800  34.96       -0.2148  0.00        0.0000  0.00        0.0000  0.00        0.0000
